J = 0.0006;
K = 0.006;
R = 12;
L = 3.5;
Ts = 1e-3;
Tsc = 1e-2;
Tout = 1e-2;
F = 6.26362508918299e-07;
C = 0.000369;
